2.716907879362706
3.562727776239333
3.0502846967663735
2.7777884178987784
3.415813409882179
7.7186189045720885
2.5769478126620307
13.646424159733346
1.9062221966107944
18.00893570339741
5.989963415668625
2.5320568230002345
6.0803225473026306
6.193264911929977
11.044215096894819
28.306600856076223
10.504660968176315
4.975082608616879
3.9012308541000067
22.702994579035526
9.926358627880097
3.9410982692473966
3.077028639340092
9.84886248036332
3.0569595314765547
3.4865006015221467
2.401623314186847
2.19040316155102
3.2681090318987405
9.523878532139634
3.724558074521527
4.0325367525972196
3.4587058608216217
6.561741881980164
10.246455870868536
10.110248046004639
27.161011016808985
9.531532242983246
8.06480308969463
13.194858772240948
8.452919908839164
6.997636879010675
6.010152286251879
10.12083524998685
17.824199923182274
3.7970218051728293
2.5765957958717034
11.282381054013296
16.577397326961776
3.422313270772745
3.06051693713173
24.904228930380107
2.808482721614758
14.477380822435741
11.217120639009071
22.54432931291417
8.085571462840615
5.992734550661357
3.2979402656321124
2.0067331022271393
3.181598569045787
3.236055047387138
13.290299053083388
10.392376036194356
2.2778991882158617
9.395067673915502
4.935313897407914
2.6934821520579852
11.358696019548356
3.2947206673267493
3.314962742687695
6.489237905427541
2.4871139665230784
3.816618692893414
19.771206645856374
3.6932566047809847
6.331459735661744
3.2095789763477405
5.075138862614285
14.285037158445846
8.680381577588035
5.087881126815253
2.564852702102446
7.770058465532323
3.717879778763916
7.266008457453377
2.9417234273925974
3.1370486581310564
3.9364395478257843
2.5833269483521386
3.1443848176504035
12.715079801385679
2.2831188977674404
15.196041480546691
3.4878015143321917
6.4709773277619504
7.037289695634189
3.154133088319391
9.167402943485369
5.0798014749593206
3.6941149158543034
7.872986947157872
14.27734443630585
17.171396470081635
11.522994116933738
8.026945477673618
9.992618897762657
8.26490704909914
15.27407985910988
3.5139450830172834
9.471645687333762
21.753948146380942
3.060721518142469
7.389267095199425
24.5928251061332
18.865539920989495
20.127463324114768
2.9776589083517297
5.532591040422328
3.1636621199493598
2.320626995050733
2.4623368521018385
7.7975895814761795
2.9523664009992325
2.5442990568395905
3.6271202771807283
2.8804204627939747
11.060934862222803
1.9006425024033857
5.894364670525281
5.037549877757879
4.082569731412482
2.6855828853182633
3.47124653642857
5.366308695028475
3.0890340288729043
11.838708814674902
25.458973206921115
4.062595088548394
2.6964623851485228
12.246783722240535
6.9407105072410165
20.479019656226992
3.7129144769785487
10.389567047230708
2.740295846073059
5.917795201349463
6.411601218754908
3.330162149829674
2.631545617320001
3.1468472929261924
2.0640957344909507
4.7091364703239815
18.802711921502855
3.1331437349994196
3.29592858126592
20.012256404010564
3.3978269109249197
2.510965421929814
3.048459899669902
14.024169584148073
3.7949430361482595
27.28305685913093
2.7396392324219687
2.654171086911546
1.637832192405171
13.408125325695586
2.965476911939089
3.4844525447069947
6.070193077488874
3.2027410421752505
26.69721968728623
3.633958214464939
2.393929619194327
2.2395195566542387
17.561997826885328
3.256955183641358
13.342865298885098
7.473043508833153
3.307480163481925
1.5124367808388992
1.782752341278308
12.610153826045273
9.153416581828925
2.907884904197529
26.924479755175252
2.757855026393331
9.524057601631348
20.45929029759308
2.8359388390344638
3.088681645508127
6.355368304417749
2.8730776411534533
2.7741870837525857
3.4646845424519355
2.654953866859077
3.712050719503035
5.812526566314798
3.2582169873065405
10.270923750027826
18.893703935176696
3.9020263887955187
5.005792303161754
16.270512859864784
3.6926393362823817
3.4125286937057777
3.235500673748993
4.55986087724779
18.303178168148982
3.1187456542914016
3.1680302374074225
6.12339040587594
18.14620085900866
3.040549314627511
3.723481768997166
3.325372167547229
2.680071124600588
2.845413680787572
6.444739844227746
4.252231484443485
3.618344449068834
2.8418423571844977
10.180711794226474
3.3473297879693797
2.8034564360459635
3.540908049584231
2.0336121943222745
2.240727684416883
2.8909779209857116
3.14954333772506
6.319234463916151
2.8230564527022364
20.513782731174732
3.0467198347311153
2.46770515204764
3.720750406464369
19.81861149805393
12.470947483496598
2.9966160520764693
2.5197967855701116
18.009829467638518
9.337656873992115
6.119202733133405
7.161758410283368
3.3584628961934744
11.785253882181852
10.920199717665689
28.32525636899595
3.34875749845704
8.553328390580068
3.128051997784777
2.75446828338573
2.3047426794236845
3.8356351360440564
2.2113227122623504
6.013694988802828
3.398203535402432
2.352829682821537
3.163668272706722
11.640147744612241
3.003254014986439
18.5913493095433
10.91836810789677
10.532975941045533
2.657111887408445
3.240669907000674
4.413411416245615
2.6850517039313933
3.4886389731725043
19.01864118591821
2.6487737952843786
2.2792414699908066
9.495746246334338
2.749997578619046
2.5417582381141814
8.389508794189151
2.8679713573423613
2.9491437658749846
3.049400721159274
3.4294814934687317
2.5996995695965683
8.826957963551768
7.916572642028729
5.237883734919418
5.153152568414578
3.0955527638655282
11.95457653698211
1.9321856797801993
2.712462612258861
28.29935260123232
7.2069700195504325
6.332472140379129
3.5940347147680325
7.00488421362014
2.417064387646008
3.0680043040333653
21.2399468277369
6.738980632314094
19.9095555854001
26.328274136474594
5.657754630427279
7.768997946094797
2.2747220119838807
4.747428586945925
3.2501557326818595
3.828342328553883
1.8719221464855191
13.968118318951625
2.815032990919084
7.496715623155338
2.062969085549459
3.4944892006065222
26.842368901058272
8.263675279215594
3.2907245632759334
8.569696495817913
3.2398068947175656
3.9253514285057176
4.341677273978131
9.043714796435758
9.369271212376677
10.424095779108873
19.8002415612457
6.942239066198588
2.9431571359631206
9.35575677715964
12.530609554554992
3.5865433472610384
6.8017758264356445
2.1912113936664577
11.152556093026513
6.245050966161562
18.875212987895193
2.714815894814161
2.190200194735114
2.4587393951106495
6.076582682782584
4.511459902686785
22.44966819219547
25.80365136292751
9.148133728640904
3.3593901452923456
10.660174182871085
1.9408394939275457
6.088086224375558
7.5859541314513725
29.962785028912894
2.706473923518749
3.403101140751976
10.278465023560562
5.70087100829676
2.0136903415018343
3.123114760781928
3.177984870909209
9.484509075142187
26.311209909322592
11.773094282870716
9.216873048681462
20.424828402782865
26.665687768827905
3.258683391607109
13.473657727807387
13.89952943170691
2.6931546423839716
22.745412752741448
2.7009720884883928
2.8958467506816628
3.9012427586407723
3.046753267821917
19.780406642780775
2.648477803645177
18.656469209770854
3.1915782222117266
2.95475501048201
9.249468804963708
5.258122395185124
2.517816265112517
2.7120080574792396
12.051780364792696
9.954834976908474
8.421671979984971
2.6057428091812236
3.2079842923807895
10.848552686021318
4.00997196023653
2.4674741035535925
7.787499741241851
14.721974673037082
2.9717023636798507
2.4226658265856016
3.959080907460404
2.624210978546775
8.221378352666976
18.371732626716586
3.1635322480478254
2.5189812732685377
21.683993602234562
3.1192050169971055
3.235521121876263
3.0768944638800964
